Myrtle_Warbler(X): 0.9230769230769231
Nashville_Warbler(X): 0.8181818181818182
Orange_crowned_Warbler(X): 0.6666666666666666
average_accuray: 0.8026418026418026
