average_accuray: 0.8188172043010753
gdrishti(X): 0.7666666666666667
ndrishti(X): 0.8709677419354839
